   -0.06389157
    0.07556335
   -0.07993078
    0.06482484
   -0.04352501
   -0.02925565
   -0.03501039
   -0.03071262
   -0.04491550
    0.06382267
   -0.04486080
   -0.03012929
   -0.03554928
   -0.03061836
   -0.04425035
   -0.07034359
   -0.05356428
    0.01677873
    0.02232732
   -0.04190941
   -0.05460706
   -0.05354681
    0.02085444
    0.02122813
   -0.03471476
   -0.05331987
   -0.05384705
    0.02169987
    0.02008322
   -0.03009724
   -0.05321673
   -0.05454490
    0.02276791
    0.01706749
   -0.00868833
   -0.05355984
   -0.05570633
    0.02654354
   -0.01444293
   -0.04646828
    0.10340786
   -0.27266546
    0.06882579
    0.06742935
   -0.26949492
    0.10147943
   -0.00828502
    0.01351080
   -0.02335035
   -0.00499442
   -0.10824823
   -0.06684130
    0.01897166
    0.00946441
   -0.01917415
   -0.00714439
   -0.10372204
   -0.06628201
    0.01941694
    0.01017063
   -0.03104860
   -0.00571565
   -0.10389031
   -0.06486474
    0.01976386
    0.01122130
   -0.03903079
   -0.00340002
   -0.10646595
   -0.06146320
    0.02338636
   -0.04186161
    0.02923924
   -0.03622550
    0.07080069
   -0.12445625
   -0.11541155
    0.11285560
   -0.02301004
    0.08810338
   -0.22150279
    0.11180746
   -0.24268198
    0.04117202
    0.03801052
    0.03289945
    0.03563338
    0.03691068
    0.03928845
    0.03735238
    0.03337846
    0.03667978
    0.03876945
    0.03576775
    0.04292334
    0.04147992
    0.04143822
    0.04269426
    0.04305091
    0.04308770
    0.04351668
    0.04453356
    0.04518195
    0.06080449
    0.05305586
    0.07192330
    0.05504605
    0.05409749
    0.05164567
    0.04723566
    0.03989931
    0.04887634
    0.04702215
    0.04555028
    0.03674888
    0.05014497
    0.04584863
    0.04614254
    0.03724097
    0.04902105
    0.05888998
    0.04761612
    0.03971740
    0.06344242
    0.05843295
    0.05256287
    0.18830776
