000    2.551   486.0     0.7405   -37.4348    -0.87( 101-> 102)  0.32( 100-> 103) -0.14(  98-> 103)
001    2.570   482.5     1.7025   -32.9425     0.87( 102-> 103) -0.33( 101-> 104)  0.15(  99-> 104)
002    2.552   485.9     0.7393   -39.9441    -0.87( 101-> 102)  0.32( 100-> 103) -0.14(  98-> 103)
003    2.571   482.3     1.7025   -33.6327     0.87( 102-> 103) -0.33( 101-> 104)  0.15(  99-> 104)
004    2.551   485.9     0.7395   -39.9347    -0.87( 101-> 102)  0.32( 100-> 103) -0.14(  98-> 103)
005    2.552   485.9     0.7346   -47.0748     0.87( 101-> 102) -0.32( 100-> 103)  0.14(  98-> 103)
006    2.570   482.4     1.6998   -34.3452     0.87( 102-> 103) -0.33( 101-> 104)  0.15(  99-> 104)
007    2.553   485.6     0.7394   -38.3825    -0.87( 101-> 102)  0.32( 100-> 103) -0.14(  98-> 103)
008    2.552   485.8     0.7388   -40.0094    -0.87( 101-> 102)  0.32( 100-> 103) -0.14(  98-> 103)
009    2.570   482.4     1.7013   -31.6294     0.87( 102-> 103) -0.33( 101-> 104)  0.15(  99-> 104)
010    2.553   485.7     0.7407   -37.5255    -0.87( 101-> 102)  0.32( 100-> 103) -0.14(  98-> 103)
011    2.545   487.1     0.7558   -40.6036     0.87( 101-> 102) -0.33( 100-> 103)  0.13(  98-> 103)
012    2.570   482.4     1.6988   -33.7174     0.87( 102-> 103) -0.33( 101-> 104)  0.15(  99-> 104)
013    2.570   482.4     1.7009   -33.5641     0.87( 102-> 103) -0.33( 101-> 104)  0.15(  99-> 104)
014    2.702   458.9     2.2407    -3.5258    -0.87( 104-> 105) -0.28( 103-> 106)  0.18( 101-> 106)
015    2.552   485.9     0.7363   -38.7861    -0.87( 101-> 102)  0.32( 100-> 103) -0.14(  98-> 103)
016    2.570   482.4     1.7030   -30.5603     0.87( 102-> 103) -0.33( 101-> 104)  0.15(  99-> 104)
017    2.543   487.5     0.7579   -39.1357     0.87( 101-> 102) -0.33( 100-> 103)  0.13(  98-> 103)
018    2.610   475.1     2.1555   -76.3109     0.77(  85->  86)  0.45(  84->  86)  0.27(  84->  87)
019    2.570   482.4     1.7010   -35.1523     0.87( 102-> 103) -0.33( 101-> 104)  0.15(  99-> 104)
020    2.551   485.9     0.7414   -37.1770    -0.87( 101-> 102)  0.32( 100-> 103) -0.14(  98-> 103)
021    2.570   482.5     1.7007   -33.3256     0.87( 102-> 103) -0.33( 101-> 104)  0.15(  99-> 104)
022    2.552   485.8     0.7377   -38.8510    -0.87( 101-> 102)  0.32( 100-> 103) -0.14(  98-> 103)
023    2.552   485.8     0.7418   -32.9582    -0.87( 101-> 102)  0.32( 100-> 103) -0.14(  98-> 103)
024    2.545   487.3     0.7588   -39.5578    -0.87( 101-> 102)  0.33( 100-> 103) -0.13(  98-> 103)
025    2.571   482.2     1.6989   -34.0391     0.87( 102-> 103) -0.33( 101-> 104)  0.15(  99-> 104)
026    2.553   485.7     0.7387   -40.4049    -0.87( 101-> 102)  0.32( 100-> 103) -0.14(  98-> 103)
027    2.571   482.2     1.7034   -30.5652     0.87( 102-> 103) -0.33( 101-> 104)  0.15(  99-> 104)
028    2.553   485.7     0.7420   -31.3563    -0.87( 101-> 102)  0.32( 100-> 103) -0.14(  98-> 103)
029    2.553   485.7     0.7400   -40.1878    -0.87( 101-> 102)  0.32( 100-> 103) -0.14(  98-> 103)
030    2.570   482.4     1.7007   -34.1555     0.87( 102-> 103) -0.33( 101-> 104)  0.15(  99-> 104)
031    2.570   482.4     1.6999   -34.1820     0.87( 102-> 103) -0.33( 101-> 104)  0.15(  99-> 104)
032    2.353   527.0     1.2190    26.9893    -0.61( 116-> 117) -0.54( 115-> 117)  0.37( 116-> 118)
033    2.551   486.0     0.7400   -39.9747    -0.87( 101-> 102)  0.32( 100-> 103) -0.14(  98-> 103)
034    2.570   482.4     1.6977   -32.7123     0.87( 102-> 103) -0.33( 101-> 104)  0.15(  99-> 104)
035    2.552   485.8     0.7392   -43.1022    -0.87( 101-> 102)  0.32( 100-> 103) -0.14(  98-> 103)
036    2.544   487.4     0.7320   -52.5845    -0.87( 101-> 102)  0.33( 100-> 103) -0.13(  98-> 103)
037    2.599   477.1     0.9794   -31.4017     0.88( 101-> 102) -0.23( 100-> 103)  0.19(  98-> 103)
038    2.570   482.4     1.7001   -33.0313     0.87( 102-> 103) -0.33( 101-> 104)  0.15(  99-> 104)
039    2.566   483.2     0.6924   -80.8978    -0.88( 101-> 102)  0.24( 100-> 103) -0.19(  98-> 103)
040    2.551   485.9     0.7364   -46.0473     0.87( 101-> 102) -0.32( 100-> 103)  0.14(  98-> 103)
041    2.586   479.4     1.5560   -42.3531    -0.88( 102-> 103)  0.30( 101-> 104) -0.16(  99-> 104)
042    2.570   482.4     1.7010   -32.6885     0.87( 102-> 103) -0.33( 101-> 104)  0.15(  99-> 104)
043    2.544   487.4     0.7596   -39.7911    -0.87( 101-> 102)  0.33( 100-> 103) -0.13(  98-> 103)
044    2.552   485.8     0.7393   -39.6808    -0.87( 101-> 102)  0.32( 100-> 103) -0.14(  98-> 103)
045    2.551   485.9     0.7404   -35.0018    -0.87( 101-> 102)  0.32( 100-> 103) -0.14(  98-> 103)
046    2.571   482.2     1.7014   -33.4165     0.87( 102-> 103) -0.33( 101-> 104)  0.15(  99-> 104)
047    2.553   485.6     0.7413   -38.5485    -0.87( 101-> 102)  0.32( 100-> 103) -0.14(  98-> 103)
048    2.553   485.7     0.7408   -33.9912    -0.87( 101-> 102)  0.32( 100-> 103) -0.14(  98-> 103)
049    2.702   458.9     2.2407    -3.5258    -0.87( 104-> 105) -0.28( 103-> 106)  0.18( 101-> 106)
050    2.610   475.1     2.1555   -76.3109     0.77(  85->  86)  0.45(  84->  86)  0.27(  84->  87)
051    2.551   486.0     0.7394   -37.0290     0.87( 101-> 102) -0.32( 100-> 103)  0.14(  98-> 103)
052    2.544   487.3     0.7581   -42.7095     0.87( 101-> 102) -0.33( 100-> 103)  0.13(  98-> 103)
053    2.551   486.0     0.7363   -46.0189     0.87( 101-> 102) -0.32( 100-> 103)  0.14(  98-> 103)
054    2.553   485.7     0.7382   -40.7481    -0.87( 101-> 102)  0.32( 100-> 103) -0.14(  98-> 103)
055    2.552   485.8     0.7411   -32.0020    -0.87( 101-> 102)  0.32( 100-> 103) -0.14(  98-> 103)
056    2.572   482.1     1.6984   -33.5309     0.87( 102-> 103) -0.32( 101-> 104)  0.15(  99-> 104)
057    2.552   485.9     0.7384   -39.9020    -0.87( 101-> 102)  0.32( 100-> 103) -0.14(  98-> 103)
058    2.570   482.5     1.7004   -38.1333     0.87( 102-> 103) -0.33( 101-> 104)  0.15(  99-> 104)
059    2.571   482.2     1.7015   -33.9930     0.87( 102-> 103) -0.33( 101-> 104)  0.15(  99-> 104)
060    2.544   487.4     0.7570   -39.8679     0.87( 101-> 102) -0.33( 100-> 103)  0.13(  98-> 103)
061    2.558   484.7     0.5785    98.8081    -0.89( 101-> 102)  0.23( 100-> 103) -0.19(  98-> 103)
062    2.551   485.9     0.7394   -37.9183    -0.87( 101-> 102)  0.32( 100-> 103) -0.14(  98-> 103)
063    2.572   482.1     1.7002   -36.0157     0.87( 102-> 103) -0.33( 101-> 104)  0.15(  99-> 104)
064    2.570   482.3     1.6997   -33.0917     0.87( 102-> 103) -0.33( 101-> 104)  0.15(  99-> 104)
065    2.552   485.8     0.7409   -36.0138    -0.87( 101-> 102)  0.32( 100-> 103) -0.14(  98-> 103)
066    2.571   482.3     1.7026   -33.5769     0.87( 102-> 103) -0.33( 101-> 104)  0.15(  99-> 104)
067    2.552   485.8     0.7365   -41.6305     0.87( 101-> 102) -0.32( 100-> 103)  0.14(  98-> 103)
068    2.552   485.9     0.7416   -32.2880    -0.87( 101-> 102)  0.32( 100-> 103) -0.14(  98-> 103)
069    2.552   485.7     0.7365   -40.2659    -0.87( 101-> 102)  0.32( 100-> 103) -0.14(  98-> 103)
070    2.568   482.9     0.7159   -15.5239    -0.89( 101-> 102) -0.23( 100-> 103)  0.19(  98-> 103)
071    2.570   482.5     1.6995   -33.3845     0.87( 102-> 103) -0.33( 101-> 104)  0.15(  99-> 104)
072    2.552   485.9     0.7378   -41.0624    -0.87( 101-> 102)  0.32( 100-> 103) -0.14(  98-> 103)
073    2.570   482.4     1.7011   -33.6702     0.87( 102-> 103) -0.33( 101-> 104)  0.15(  99-> 104)
074    2.544   487.3     0.7579   -40.7233    -0.87( 101-> 102)  0.33( 100-> 103) -0.13(  98-> 103)
075    2.567   483.0     0.7183   -37.3225    -0.89( 101-> 102)  0.24( 100-> 103) -0.19(  98-> 103)
076    2.553   485.7     0.7425   -32.6100    -0.87( 101-> 102)  0.32( 100-> 103) -0.14(  98-> 103)
077    2.554   485.5     0.7406   -37.8461    -0.87( 101-> 102)  0.32( 100-> 103) -0.14(  98-> 103)
078    2.544   487.4     0.7526   -47.5076    -0.87( 101-> 102)  0.33( 100-> 103) -0.13(  98-> 103)
079    2.566   483.1     0.7103   -62.8270    -0.89( 101-> 102)  0.24( 100-> 103) -0.19(  98-> 103)
080    2.571   482.3     1.7021   -34.7491     0.87( 102-> 103) -0.33( 101-> 104)  0.15(  99-> 104)
081    2.571   482.2     1.6994   -27.9898     0.87( 102-> 103) -0.33( 101-> 104)  0.15(  99-> 104)
082    2.552   485.8     0.7385   -40.6775    -0.87( 101-> 102)  0.32( 100-> 103) -0.14(  98-> 103)
083    2.571   482.2     1.6986   -32.7044     0.87( 102-> 103) -0.33( 101-> 104)  0.15(  99-> 104)
084    2.544   487.4     0.7514   -46.5741     0.87( 101-> 102) -0.33( 100-> 103)  0.13(  98-> 103)
085    2.553   485.6     0.7407   -35.2745    -0.87( 101-> 102)  0.32( 100-> 103) -0.14(  98-> 103)
086    2.545   487.3     0.7589   -39.4810    -0.87( 101-> 102)  0.33( 100-> 103) -0.13(  98-> 103)
087    2.570   482.4     1.6997   -34.2842     0.87( 102-> 103) -0.33( 101-> 104)  0.15(  99-> 104)
088    2.554   485.5     0.7397   -35.6791    -0.87( 101-> 102)  0.32( 100-> 103) -0.14(  98-> 103)
089    2.544   487.3     0.7589   -40.8059     0.87( 101-> 102) -0.33( 100-> 103)  0.13(  98-> 103)
090    2.553   485.7     0.7386   -39.7358    -0.87( 101-> 102)  0.32( 100-> 103) -0.14(  98-> 103)
091    2.614   474.2     1.3536   -69.9455     0.89( 113-> 114) -0.21( 110-> 115) -0.19( 112-> 115)
092    2.551   486.0     0.7355   -42.2884     0.87( 101-> 102) -0.32( 100-> 103)  0.14(  98-> 103)
093    2.702   458.9     2.2407    -3.5258    -0.87( 104-> 105) -0.28( 103-> 106)  0.18( 101-> 106)
094    2.552   485.9     0.7403   -38.0388    -0.87( 101-> 102)  0.32( 100-> 103) -0.14(  98-> 103)
095    2.545   487.2     0.7568   -45.4466     0.87( 101-> 102) -0.33( 100-> 103)  0.13(  98-> 103)
096    2.551   485.9     0.7394   -43.4269     0.87( 101-> 102) -0.32( 100-> 103)  0.14(  98-> 103)
097    2.552   485.8     0.7386   -41.3497    -0.87( 101-> 102)  0.32( 100-> 103) -0.14(  98-> 103)
098    2.545   487.2     0.7583   -40.6443    -0.87( 101-> 102)  0.33( 100-> 103) -0.13(  98-> 103)
099    2.571   482.3     1.7036   -33.8086     0.87( 102-> 103) -0.33( 101-> 104)  0.15(  99-> 104)
