0515091507
0515091507
0515091507
0515091507
0515091507
0515091507
0515091507
0515091507
0515091507
0515091507
0515091507
0515091507
0515091507
0515091507
0501091507
0515091507
0501091507
0515091507
0515091507
0515091507
0515091507
0515091507
0515091507
0515091507
0415091507
0515091507
0515091507
0515091507
0515091507
0515091507
0515091507
0515091507
0515091507
0515091507
0515091507
0515091507
0515091507
1115091507
0415091507
0515091507
0415091507
0515091507
0515091501
0501091507
0515091507
0515091507
0515091507
0515091507
0515091507
0515091507
0401091507
0515091507
0515091507
0515091507
0515091507
0515091507
0515091507
0515091507
0515091507
0515091507
0515091507
0511091507
0515091507
0515091507
0915091507
0515091507
0515091507
0515091507
0515091507
1115091507
0515091507
0515091507
0415091507
0515091507
0515091507
0515091507
0515091507
0515091507
1115091507
0515091507
0415091507
0515091507
0515091507
0515091507
0515091507
0501091507
0515091507
0515091507
0515091507
0515111507
0515091507
0515091507
0515091507
0515091507
0515091507
0515091507
0515091507
0415091507
0515091507
0515091507
